# Blender 4.2.0
# www.blender.org
mtllib VisualObstacles.mtl
o BarrierCollision.033
v 426.333557 -2.114438 57.895451
v 426.333557 5.504039 57.895451
v 437.055084 -2.114438 61.509865
v 437.055084 5.504039 61.509865
v 425.570831 -2.114438 60.157944
v 425.570831 5.504039 60.157944
v 436.292358 -2.114438 63.772358
v 436.292358 5.504039 63.772358
vn 0.3195 -0.0000 -0.9476
vn 0.9476 -0.0000 0.3195
vn -0.3195 -0.0000 0.9476
vn -0.9476 -0.0000 -0.3195
vn -0.0000 -1.0000 -0.0000
vn -0.0000 1.0000 -0.0000
vt 0.375000 0.000000
vt 0.625000 0.000000
vt 0.625000 0.250000
vt 0.375000 0.250000
vt 0.625000 0.500000
vt 0.375000 0.500000
vt 0.625000 0.750000
vt 0.375000 0.750000
vt 0.625000 1.000000
vt 0.375000 1.000000
vt 0.125000 0.500000
vt 0.125000 0.750000
vt 0.875000 0.500000
vt 0.875000 0.750000
s 0
f 1/1/1 2/2/1 4/3/1 3/4/1
f 3/4/2 4/3/2 8/5/2 7/6/2
f 7/6/3 8/5/3 6/7/3 5/8/3
f 5/8/4 6/7/4 2/9/4 1/10/4
f 3/11/5 7/6/5 5/8/5 1/12/5
f 8/5/6 4/13/6 2/14/6 6/7/6
o BarrierCollision.034
v 414.988312 -2.114438 58.334919
v 414.988312 5.504039 58.334919
v 426.268768 -2.114438 57.459419
v 426.268768 5.504039 57.459419
v 415.173065 -2.114438 60.715359
v 415.173065 5.504039 60.715359
v 426.453522 -2.114438 59.839859
v 426.453522 5.504039 59.839859
vn -0.0774 -0.0000 -0.9970
vn 0.9970 -0.0000 -0.0774
vn 0.0774 -0.0000 0.9970
vn -0.9970 -0.0000 0.0774
vn -0.0000 -1.0000 -0.0000
vn -0.0000 1.0000 -0.0000
vt 0.375000 0.000000
vt 0.625000 0.000000
vt 0.625000 0.250000
vt 0.375000 0.250000
vt 0.625000 0.500000
vt 0.375000 0.500000
vt 0.625000 0.750000
vt 0.375000 0.750000
vt 0.625000 1.000000
vt 0.375000 1.000000
vt 0.125000 0.500000
vt 0.125000 0.750000
vt 0.875000 0.500000
vt 0.875000 0.750000
s 0
f 9/15/7 10/16/7 12/17/7 11/18/7
f 11/18/8 12/17/8 16/19/8 15/20/8
f 15/20/9 16/19/9 14/21/9 13/22/9
f 13/22/10 14/21/10 10/23/10 9/24/10
f 11/25/11 15/20/11 13/22/11 9/26/11
f 16/19/12 12/27/12 10/28/12 14/21/12
o BarrierCollision
v 494.743134 -2.233107 -76.478821
v 494.743134 5.385370 -76.478821
v 483.902435 -2.233107 -73.239349
v 483.902435 5.385370 -73.239349
v 494.059540 -2.233107 -78.766464
v 494.059540 5.385370 -78.766464
v 483.218842 -2.233107 -75.526993
v 483.218842 5.385370 -75.526993
vn 0.2863 -0.0000 0.9581
vn -0.9581 -0.0000 0.2863
vn -0.2863 -0.0000 -0.9581
vn 0.9581 -0.0000 -0.2863
vn -0.0000 -1.0000 -0.0000
vn -0.0000 1.0000 -0.0000
vt 0.375000 0.000000
vt 0.625000 0.000000
vt 0.625000 0.250000
vt 0.375000 0.250000
vt 0.625000 0.500000
vt 0.375000 0.500000
vt 0.625000 0.750000
vt 0.375000 0.750000
vt 0.625000 1.000000
vt 0.375000 1.000000
vt 0.125000 0.500000
vt 0.125000 0.750000
vt 0.875000 0.500000
vt 0.875000 0.750000
s 0
f 17/29/13 18/30/13 20/31/13 19/32/13
f 19/32/14 20/31/14 24/33/14 23/34/14
f 23/34/15 24/33/15 22/35/15 21/36/15
f 21/36/16 22/35/16 18/37/16 17/38/16
f 19/39/17 23/34/17 21/36/17 17/40/17
f 24/33/18 20/41/18 18/42/18 22/35/18
o BarrierCollision.001
v 437.972198 -2.169735 -100.412003
v 437.972198 5.448741 -100.412003
v 447.616211 -2.169735 -106.328728
v 447.616211 5.448741 -106.328728
v 439.220764 -2.169735 -98.376884
v 439.220764 5.448741 -98.376884
v 448.864777 -2.169735 -104.293610
v 448.864777 5.448741 -104.293610
vn -0.5229 -0.0000 -0.8524
vn 0.8524 -0.0000 -0.5229
vn 0.5229 -0.0000 0.8524
vn -0.8524 -0.0000 0.5229
vn -0.0000 -1.0000 -0.0000
vn -0.0000 1.0000 -0.0000
vt 0.375000 0.000000
vt 0.625000 0.000000
vt 0.625000 0.250000
vt 0.375000 0.250000
vt 0.625000 0.500000
vt 0.375000 0.500000
vt 0.625000 0.750000
vt 0.375000 0.750000
vt 0.625000 1.000000
vt 0.375000 1.000000
vt 0.125000 0.500000
vt 0.125000 0.750000
vt 0.875000 0.500000
vt 0.875000 0.750000
s 0
f 25/43/19 26/44/19 28/45/19 27/46/19
f 27/46/20 28/45/20 32/47/20 31/48/20
f 31/48/21 32/47/21 30/49/21 29/50/21
f 29/50/22 30/49/22 26/51/22 25/52/22
f 27/53/23 31/48/23 29/50/23 25/54/23
f 32/47/24 28/55/24 26/56/24 30/49/24
o BarrierCollision.002
v 410.703247 -2.355155 -133.050598
v 410.703247 5.263321 -133.050598
v 418.979919 -2.355155 -140.764969
v 418.979919 5.263321 -140.764969
v 412.331177 -2.355155 -131.304031
v 412.331177 5.263321 -131.304031
v 420.607849 -2.355155 -139.018402
v 420.607849 5.263321 -139.018402
vn -0.6818 -0.0000 -0.7315
vn 0.7315 -0.0000 -0.6818
vn 0.6818 -0.0000 0.7315
vn -0.7315 -0.0000 0.6818
vn -0.0000 -1.0000 -0.0000
vn -0.0000 1.0000 -0.0000
vt 0.375000 0.000000
vt 0.625000 0.000000
vt 0.625000 0.250000
vt 0.375000 0.250000
vt 0.625000 0.500000
vt 0.375000 0.500000
vt 0.625000 0.750000
vt 0.375000 0.750000
vt 0.625000 1.000000
vt 0.375000 1.000000
vt 0.125000 0.500000
vt 0.125000 0.750000
vt 0.875000 0.500000
vt 0.875000 0.750000
s 0
f 33/57/25 34/58/25 36/59/25 35/60/25
f 35/60/26 36/59/26 40/61/26 39/62/26
f 39/62/27 40/61/27 38/63/27 37/64/27
f 37/64/28 38/63/28 34/65/28 33/66/28
f 35/67/29 39/62/29 37/64/29 33/68/29
f 40/61/30 36/69/30 34/70/30 38/63/30
o BarrierCollision.003
v 459.344666 -2.169734 33.986267
v 459.344666 5.448742 33.986267
v 470.305634 -2.169734 31.180508
v 470.305634 5.448742 31.180508
v 459.936737 -2.169734 36.299290
v 459.936737 5.448742 36.299290
v 470.897705 -2.169734 33.493530
v 470.897705 5.448742 33.493530
vn -0.2480 -0.0000 -0.9688
vn 0.9688 -0.0000 -0.2480
vn 0.2480 -0.0000 0.9688
vn -0.9688 -0.0000 0.2480
vn -0.0000 -1.0000 -0.0000
vn -0.0000 1.0000 -0.0000
vt 0.375000 0.000000
vt 0.625000 0.000000
vt 0.625000 0.250000
vt 0.375000 0.250000
vt 0.625000 0.500000
vt 0.375000 0.500000
vt 0.625000 0.750000
vt 0.375000 0.750000
vt 0.625000 1.000000
vt 0.375000 1.000000
vt 0.125000 0.500000
vt 0.125000 0.750000
vt 0.875000 0.500000
vt 0.875000 0.750000
s 0
f 41/71/31 42/72/31 44/73/31 43/74/31
f 43/74/32 44/73/32 48/75/32 47/76/32
f 47/76/33 48/75/33 46/77/33 45/78/33
f 45/78/34 46/77/34 42/79/34 41/80/34
f 43/81/35 47/76/35 45/78/35 41/82/35
f 48/75/36 44/83/36 42/84/36 46/77/36
o BarrierCollision.004
v 473.256653 -2.154798 -35.362366
v 473.256653 5.463679 -35.362366
v 463.715149 -2.154798 -41.443020
v 463.715149 5.463679 -41.443020
v 474.539795 -2.154798 -37.375851
v 474.539795 5.463679 -37.375851
v 464.998291 -2.154798 -43.456505
v 464.998291 5.463679 -43.456505
vn -0.5374 -0.0000 0.8433
vn -0.8433 -0.0000 -0.5374
vn 0.5374 -0.0000 -0.8433
vn 0.8433 -0.0000 0.5374
vn -0.0000 -1.0000 -0.0000
vn -0.0000 1.0000 -0.0000
vt 0.375000 0.000000
vt 0.625000 0.000000
vt 0.625000 0.250000
vt 0.375000 0.250000
vt 0.625000 0.500000
vt 0.375000 0.500000
vt 0.625000 0.750000
vt 0.375000 0.750000
vt 0.625000 1.000000
vt 0.375000 1.000000
vt 0.125000 0.500000
vt 0.125000 0.750000
vt 0.875000 0.500000
vt 0.875000 0.750000
s 0
f 49/85/37 50/86/37 52/87/37 51/88/37
f 51/88/38 52/87/38 56/89/38 55/90/38
f 55/90/39 56/89/39 54/91/39 53/92/39
f 53/92/40 54/91/40 50/93/40 49/94/40
f 51/95/41 55/90/41 53/92/41 49/96/41
f 56/89/42 52/97/42 50/98/42 54/91/42
o BarrierCollision.007
v 267.544830 -2.114438 95.539124
v 267.544830 5.504039 95.539124
v 262.159180 -2.114438 85.588776
v 262.159180 5.504039 85.588776
v 269.644592 -2.114438 94.402618
v 269.644592 5.504039 94.402618
v 264.258942 -2.114438 84.452271
v 264.258942 5.504039 84.452271
vn -0.8794 -0.0000 0.4760
vn -0.4760 -0.0000 -0.8794
vn 0.8794 -0.0000 -0.4760
vn 0.4760 -0.0000 0.8794
vn -0.0000 -1.0000 -0.0000
vn -0.0000 1.0000 -0.0000
vt 0.375000 0.000000
vt 0.625000 0.000000
vt 0.625000 0.250000
vt 0.375000 0.250000
vt 0.625000 0.500000
vt 0.375000 0.500000
vt 0.625000 0.750000
vt 0.375000 0.750000
vt 0.625000 1.000000
vt 0.375000 1.000000
vt 0.125000 0.500000
vt 0.125000 0.750000
vt 0.875000 0.500000
vt 0.875000 0.750000
s 0
f 57/99/43 58/100/43 60/101/43 59/102/43
f 59/102/44 60/101/44 64/103/44 63/104/44
f 63/104/45 64/103/45 62/105/45 61/106/45
f 61/106/46 62/105/46 58/107/46 57/108/46
f 59/109/47 63/104/47 61/106/47 57/110/47
f 64/103/48 60/111/48 58/112/48 62/105/48
o BarrierCollision.008
v 269.293945 -2.114438 106.197968
v 269.293945 5.504039 106.197968
v 267.398987 -2.114438 95.043419
v 267.398987 5.504039 95.043419
v 271.647827 -2.114438 105.798088
v 271.647827 5.504039 105.798088
v 269.752869 -2.114438 94.643539
v 269.752869 5.504039 94.643539
vn -0.9859 -0.0000 0.1675
vn -0.1675 -0.0000 -0.9859
vn 0.9859 -0.0000 -0.1675
vn 0.1675 -0.0000 0.9859
vn -0.0000 -1.0000 -0.0000
vn -0.0000 1.0000 -0.0000
vt 0.375000 0.000000
vt 0.625000 0.000000
vt 0.625000 0.250000
vt 0.375000 0.250000
vt 0.625000 0.500000
vt 0.375000 0.500000
vt 0.625000 0.750000
vt 0.375000 0.750000
vt 0.625000 1.000000
vt 0.375000 1.000000
vt 0.125000 0.500000
vt 0.125000 0.750000
vt 0.875000 0.500000
vt 0.875000 0.750000
s 0
f 65/113/49 66/114/49 68/115/49 67/116/49
f 67/116/50 68/115/50 72/117/50 71/118/50
f 71/118/51 72/117/51 70/119/51 69/120/51
f 69/120/52 70/119/52 66/121/52 65/122/52
f 67/123/53 71/118/53 69/120/53 65/124/53
f 72/117/54 68/125/54 66/126/54 70/119/54
o BarrierCollision.009
v 215.867493 -2.114438 84.115639
v 215.867493 5.504039 84.115639
v 218.314697 -2.114438 73.069099
v 218.314697 5.504039 73.069099
v 218.198578 -2.114438 84.632057
v 218.198578 5.504039 84.632057
v 220.645782 -2.114438 73.585518
v 220.645782 5.504039 73.585518
vn -0.9763 -0.0000 -0.2163
vn 0.2163 -0.0000 -0.9763
vn 0.9763 -0.0000 0.2163
vn -0.2163 -0.0000 0.9763
vn -0.0000 -1.0000 -0.0000
vn -0.0000 1.0000 -0.0000
vt 0.375000 0.000000
vt 0.625000 0.000000
vt 0.625000 0.250000
vt 0.375000 0.250000
vt 0.625000 0.500000
vt 0.375000 0.500000
vt 0.625000 0.750000
vt 0.375000 0.750000
vt 0.625000 1.000000
vt 0.375000 1.000000
vt 0.125000 0.500000
vt 0.125000 0.750000
vt 0.875000 0.500000
vt 0.875000 0.750000
s 0
f 73/127/55 74/128/55 76/129/55 75/130/55
f 75/130/56 76/129/56 80/131/56 79/132/56
f 79/132/57 80/131/57 78/133/57 77/134/57
f 77/134/58 78/133/58 74/135/58 73/136/58
f 75/137/59 79/132/59 77/134/59 73/138/59
f 80/131/60 76/139/60 74/140/60 78/133/60
o BarrierCollision.010
v 40.704411 -2.114438 143.598938
v 40.704411 5.504039 143.598938
v 36.857738 -2.114438 154.239319
v 36.857738 5.504039 154.239319
v 38.459034 -2.114438 142.787201
v 38.459034 5.504039 142.787201
v 34.612362 -2.114438 153.427582
v 34.612362 5.504039 153.427582
vn 0.9404 -0.0000 0.3400
vn -0.3400 -0.0000 0.9404
vn -0.9404 -0.0000 -0.3400
vn 0.3400 -0.0000 -0.9404
vn -0.0000 -1.0000 -0.0000
vn -0.0000 1.0000 -0.0000
vt 0.375000 0.000000
vt 0.625000 0.000000
vt 0.625000 0.250000
vt 0.375000 0.250000
vt 0.625000 0.500000
vt 0.375000 0.500000
vt 0.625000 0.750000
vt 0.375000 0.750000
vt 0.625000 1.000000
vt 0.375000 1.000000
vt 0.125000 0.500000
vt 0.125000 0.750000
vt 0.875000 0.500000
vt 0.875000 0.750000
s 0
f 81/141/61 82/142/61 84/143/61 83/144/61
f 83/144/62 84/143/62 88/145/62 87/146/62
f 87/146/63 88/145/63 86/147/63 85/148/63
f 85/148/64 86/147/64 82/149/64 81/150/64
f 83/151/65 87/146/65 85/148/65 81/152/65
f 88/145/66 84/153/66 82/154/66 86/147/66
o BarrierCollision.011
v 49.676006 -2.114438 138.635208
v 49.676006 5.504039 138.635208
v 39.981331 -2.114438 144.468567
v 39.981331 5.504039 144.468567
v 48.445030 -2.114438 136.589417
v 48.445030 5.504039 136.589417
v 38.750355 -2.114438 142.422775
v 38.750355 5.504039 142.422775
vn 0.5156 -0.0000 0.8568
vn -0.8568 -0.0000 0.5156
vn -0.5156 -0.0000 -0.8568
vn 0.8568 -0.0000 -0.5156
vn -0.0000 -1.0000 -0.0000
vn -0.0000 1.0000 -0.0000
vt 0.375000 0.000000
vt 0.625000 0.000000
vt 0.625000 0.250000
vt 0.375000 0.250000
vt 0.625000 0.500000
vt 0.375000 0.500000
vt 0.625000 0.750000
vt 0.375000 0.750000
vt 0.625000 1.000000
vt 0.375000 1.000000
vt 0.125000 0.500000
vt 0.125000 0.750000
vt 0.875000 0.500000
vt 0.875000 0.750000
s 0
f 89/155/67 90/156/67 92/157/67 91/158/67
f 91/158/68 92/157/68 96/159/68 95/160/68
f 95/160/69 96/159/69 94/161/69 93/162/69
f 93/162/70 94/161/70 90/163/70 89/164/70
f 91/165/71 95/160/71 93/162/71 89/166/71
f 96/159/72 92/167/72 90/168/72 94/161/72
o BarrierCollision.012
v 60.244099 -2.114438 136.402328
v 60.244099 5.504039 136.402328
v 49.187450 -2.114438 138.803452
v 49.187450 5.504039 138.803452
v 59.737408 -2.114438 134.069107
v 59.737408 5.504039 134.069107
v 48.680759 -2.114438 136.470230
v 48.680759 5.504039 136.470230
vn 0.2122 -0.0000 0.9772
vn -0.9772 -0.0000 0.2122
vn -0.2122 -0.0000 -0.9772
vn 0.9772 -0.0000 -0.2122
vn -0.0000 -1.0000 -0.0000
vn -0.0000 1.0000 -0.0000
vt 0.375000 0.000000
vt 0.625000 0.000000
vt 0.625000 0.250000
vt 0.375000 0.250000
vt 0.625000 0.500000
vt 0.375000 0.500000
vt 0.625000 0.750000
vt 0.375000 0.750000
vt 0.625000 1.000000
vt 0.375000 1.000000
vt 0.125000 0.500000
vt 0.125000 0.750000
vt 0.875000 0.500000
vt 0.875000 0.750000
s 0
f 97/169/73 98/170/73 100/171/73 99/172/73
f 99/172/74 100/171/74 104/173/74 103/174/74
f 103/174/75 104/173/75 102/175/75 101/176/75
f 101/176/76 102/175/76 98/177/76 97/178/76
f 99/179/77 103/174/77 101/176/77 97/180/77
f 104/173/78 100/181/78 98/182/78 102/175/78
o BarrierCollision.013
v 71.280861 -2.114438 134.593597
v 71.280861 5.504039 134.593597
v 60.125031 -2.114438 136.480972
v 60.125031 5.504039 136.480972
v 70.882584 -2.114438 132.239456
v 70.882584 5.504039 132.239456
v 59.726749 -2.114438 134.126816
v 59.726749 5.504039 134.126816
vn 0.1668 -0.0000 0.9860
vn -0.9860 -0.0000 0.1668
vn -0.1668 -0.0000 -0.9860
vn 0.9860 -0.0000 -0.1668
vn -0.0000 -1.0000 -0.0000
vn -0.0000 1.0000 -0.0000
vt 0.375000 0.000000
vt 0.625000 0.000000
vt 0.625000 0.250000
vt 0.375000 0.250000
vt 0.625000 0.500000
vt 0.375000 0.500000
vt 0.625000 0.750000
vt 0.375000 0.750000
vt 0.625000 1.000000
vt 0.375000 1.000000
vt 0.125000 0.500000
vt 0.125000 0.750000
vt 0.875000 0.500000
vt 0.875000 0.750000
s 0
f 105/183/79 106/184/79 108/185/79 107/186/79
f 107/186/80 108/185/80 112/187/80 111/188/80
f 111/188/81 112/187/81 110/189/81 109/190/81
f 109/190/82 110/189/82 106/191/82 105/192/82
f 107/193/83 111/188/83 109/190/83 105/194/83
f 112/187/84 108/195/84 106/196/84 110/189/84
o BarrierCollision.014
v 81.934059 -2.114438 136.376907
v 81.934059 5.504039 136.376907
v 70.764633 -2.114438 134.571701
v 70.764633 5.504039 134.571701
v 82.315002 -2.114438 134.019882
v 82.315002 5.504039 134.019882
v 71.145576 -2.114438 132.214676
v 71.145576 5.504039 132.214676
vn -0.1595 -0.0000 0.9872
vn -0.9872 -0.0000 -0.1595
vn 0.1595 -0.0000 -0.9872
vn 0.9872 -0.0000 0.1595
vn -0.0000 -1.0000 -0.0000
vn -0.0000 1.0000 -0.0000
vt 0.375000 0.000000
vt 0.625000 0.000000
vt 0.625000 0.250000
vt 0.375000 0.250000
vt 0.625000 0.500000
vt 0.375000 0.500000
vt 0.625000 0.750000
vt 0.375000 0.750000
vt 0.625000 1.000000
vt 0.375000 1.000000
vt 0.125000 0.500000
vt 0.125000 0.750000
vt 0.875000 0.500000
vt 0.875000 0.750000
s 0
f 113/197/85 114/198/85 116/199/85 115/200/85
f 115/200/86 116/199/86 120/201/86 119/202/86
f 119/202/87 120/201/87 118/203/87 117/204/87
f 117/204/88 118/203/88 114/205/88 113/206/88
f 115/207/89 119/202/89 117/204/89 113/208/89
f 120/201/90 116/209/90 114/210/90 118/203/90
o BarrierCollision.015
v 88.476486 -2.114438 144.271469
v 88.476486 5.504039 144.271469
v 80.945320 -2.114438 135.827759
v 80.945320 5.504039 135.827759
v 90.258308 -2.114438 142.682220
v 90.258308 5.504039 142.682220
v 82.727142 -2.114438 134.238510
v 82.727142 5.504039 134.238510
vn -0.7463 -0.0000 0.6656
vn -0.6656 -0.0000 -0.7463
vn 0.7463 -0.0000 -0.6656
vn 0.6656 -0.0000 0.7463
vn -0.0000 -1.0000 -0.0000
vn -0.0000 1.0000 -0.0000
vt 0.375000 0.000000
vt 0.625000 0.000000
vt 0.625000 0.250000
vt 0.375000 0.250000
vt 0.625000 0.500000
vt 0.375000 0.500000
vt 0.625000 0.750000
vt 0.375000 0.750000
vt 0.625000 1.000000
vt 0.375000 1.000000
vt 0.125000 0.500000
vt 0.125000 0.750000
vt 0.875000 0.500000
vt 0.875000 0.750000
s 0
f 121/211/91 122/212/91 124/213/91 123/214/91
f 123/214/92 124/213/92 128/215/92 127/216/92
f 127/216/93 128/215/93 126/217/93 125/218/93
f 125/218/94 126/217/94 122/219/94 121/220/94
f 123/221/95 127/216/95 125/218/95 121/222/95
f 128/215/96 124/223/96 122/224/96 126/217/96
o BarrierCollision.017
v -125.750008 -2.114438 49.351147
v -125.750008 5.504039 49.351147
v -117.641441 -2.114438 57.242031
v -117.641441 5.504039 57.242031
v -127.415169 -2.114438 51.062244
v -127.415169 5.504039 51.062244
v -119.306602 -2.114438 58.953129
v -119.306602 5.504039 58.953129
vn 0.6974 -0.0000 -0.7167
vn 0.7167 -0.0000 0.6974
vn -0.6974 -0.0000 0.7167
vn -0.7167 -0.0000 -0.6974
vn -0.0000 -1.0000 -0.0000
vn -0.0000 1.0000 -0.0000
vt 0.375000 0.000000
vt 0.625000 0.000000
vt 0.625000 0.250000
vt 0.375000 0.250000
vt 0.625000 0.500000
vt 0.375000 0.500000
vt 0.625000 0.750000
vt 0.375000 0.750000
vt 0.625000 1.000000
vt 0.375000 1.000000
vt 0.125000 0.500000
vt 0.125000 0.750000
vt 0.875000 0.500000
vt 0.875000 0.750000
s 0
f 129/225/97 130/226/97 132/227/97 131/228/97
f 131/228/98 132/227/98 136/229/98 135/230/98
f 135/230/99 136/229/99 134/231/99 133/232/99
f 133/232/100 134/231/100 130/233/100 129/234/100
f 131/235/101 135/230/101 133/232/101 129/236/101
f 136/229/102 132/237/102 130/238/102 134/231/102
o BarrierCollision.018
v -130.598938 -2.114438 39.699287
v -130.598938 5.504039 39.699287
v -125.462990 -2.114438 49.780796
v -125.462990 5.504039 49.780796
v -132.726379 -2.114438 40.783092
v -132.726379 5.504039 40.783092
v -127.590424 -2.114438 50.864605
v -127.590424 5.504039 50.864605
vn 0.8910 -0.0000 -0.4539
vn 0.4539 -0.0000 0.8910
vn -0.8910 -0.0000 0.4539
vn -0.4539 -0.0000 -0.8910
vn -0.0000 -1.0000 -0.0000
vn -0.0000 1.0000 -0.0000
vt 0.375000 0.000000
vt 0.625000 0.000000
vt 0.625000 0.250000
vt 0.375000 0.250000
vt 0.625000 0.500000
vt 0.375000 0.500000
vt 0.625000 0.750000
vt 0.375000 0.750000
vt 0.625000 1.000000
vt 0.375000 1.000000
vt 0.125000 0.500000
vt 0.125000 0.750000
vt 0.875000 0.500000
vt 0.875000 0.750000
s 0
f 137/239/103 138/240/103 140/241/103 139/242/103
f 139/242/104 140/241/104 144/243/104 143/244/104
f 143/244/105 144/243/105 142/245/105 141/246/105
f 141/246/106 142/245/106 138/247/106 137/248/106
f 139/249/107 143/244/107 141/246/107 137/250/107
f 144/243/108 140/251/108 138/252/108 142/245/108
o BarrierCollision.019
v -128.088333 -2.114438 29.758244
v -128.088333 5.504039 29.758244
v -130.458572 -2.114438 40.821552
v -130.458572 5.504039 40.821552
v -130.422958 -2.114438 29.258068
v -130.422958 5.504039 29.258068
v -132.793198 -2.114438 40.321377
v -132.793198 5.504039 40.321377
vn 0.9778 -0.0000 0.2095
vn -0.2095 -0.0000 0.9778
vn -0.9778 -0.0000 -0.2095
vn 0.2095 -0.0000 -0.9778
vn -0.0000 -1.0000 -0.0000
vn -0.0000 1.0000 -0.0000
vt 0.375000 0.000000
vt 0.625000 0.000000
vt 0.625000 0.250000
vt 0.375000 0.250000
vt 0.625000 0.500000
vt 0.375000 0.500000
vt 0.625000 0.750000
vt 0.375000 0.750000
vt 0.625000 1.000000
vt 0.375000 1.000000
vt 0.125000 0.500000
vt 0.125000 0.750000
vt 0.875000 0.500000
vt 0.875000 0.750000
s 0
f 145/253/109 146/254/109 148/255/109 147/256/109
f 147/256/110 148/255/110 152/257/110 151/258/110
f 151/258/111 152/257/111 150/259/111 149/260/111
f 149/260/112 150/259/112 146/261/112 145/262/112
f 147/263/113 151/258/113 149/260/113 145/264/113
f 152/257/114 148/265/114 146/266/114 150/259/114
o BarrierCollision.020
v -122.418518 -2.114438 20.213884
v -122.418518 5.504039 20.213884
v -128.278366 -2.114438 29.892574
v -128.278366 5.504039 29.892574
v -124.460953 -2.114438 18.977318
v -124.460953 5.504039 18.977318
v -130.320801 -2.114438 28.656008
v -130.320801 5.504039 28.656008
vn 0.8554 -0.0000 0.5179
vn -0.5179 -0.0000 0.8554
vn -0.8554 -0.0000 -0.5179
vn 0.5179 -0.0000 -0.8554
vn -0.0000 -1.0000 -0.0000
vn -0.0000 1.0000 -0.0000
vt 0.375000 0.000000
vt 0.625000 0.000000
vt 0.625000 0.250000
vt 0.375000 0.250000
vt 0.625000 0.500000
vt 0.375000 0.500000
vt 0.625000 0.750000
vt 0.375000 0.750000
vt 0.625000 1.000000
vt 0.375000 1.000000
vt 0.125000 0.500000
vt 0.125000 0.750000
vt 0.875000 0.500000
vt 0.875000 0.750000
s 0
f 153/267/115 154/268/115 156/269/115 155/270/115
f 155/270/116 156/269/116 160/271/116 159/272/116
f 159/272/117 160/271/117 158/273/117 157/274/117
f 157/274/118 158/273/118 154/275/118 153/276/118
f 155/277/119 159/272/119 157/274/119 153/278/119
f 160/271/120 156/279/120 154/280/120 158/273/120
o BarrierCollision.021
v 343.364410 -2.114438 67.293594
v 343.364410 5.504039 67.293594
v 352.777313 -2.114438 61.015686
v 352.777313 5.504039 61.015686
v 344.689178 -2.114438 69.279938
v 344.689178 5.504039 69.279938
v 354.102081 -2.114438 63.002029
v 354.102081 5.504039 63.002029
vn -0.5549 -0.0000 -0.8319
vn 0.8319 -0.0000 -0.5549
vn 0.5549 -0.0000 0.8319
vn -0.8319 -0.0000 0.5549
vn -0.0000 -1.0000 -0.0000
vn -0.0000 1.0000 -0.0000
vt 0.375000 0.000000
vt 0.625000 0.000000
vt 0.625000 0.250000
vt 0.375000 0.250000
vt 0.625000 0.500000
vt 0.375000 0.500000
vt 0.625000 0.750000
vt 0.375000 0.750000
vt 0.625000 1.000000
vt 0.375000 1.000000
vt 0.125000 0.500000
vt 0.125000 0.750000
vt 0.875000 0.500000
vt 0.875000 0.750000
s 0
f 161/281/121 162/282/121 164/283/121 163/284/121
f 163/284/122 164/283/122 168/285/122 167/286/122
f 167/286/123 168/285/123 166/287/123 165/288/123
f 165/288/124 166/287/124 162/289/124 161/290/124
f 163/291/125 167/286/125 165/288/125 161/292/125
f 168/285/126 164/293/126 162/294/126 166/287/126
o BarrierCollision.022
v -86.614967 -2.114438 69.149261
v -86.614967 5.504039 69.149261
v -75.474693 -2.114438 71.126396
v -75.474693 5.504039 71.126396
v -87.032188 -2.114438 71.500130
v -87.032188 5.504039 71.500130
v -75.891914 -2.114438 73.477264
v -75.891914 5.504039 73.477264
vn 0.1747 -0.0000 -0.9846
vn 0.9846 -0.0000 0.1747
vn -0.1747 -0.0000 0.9846
vn -0.9846 -0.0000 -0.1747
vn -0.0000 -1.0000 -0.0000
vn -0.0000 1.0000 -0.0000
vt 0.375000 0.000000
vt 0.625000 0.000000
vt 0.625000 0.250000
vt 0.375000 0.250000
vt 0.625000 0.500000
vt 0.375000 0.500000
vt 0.625000 0.750000
vt 0.375000 0.750000
vt 0.625000 1.000000
vt 0.375000 1.000000
vt 0.125000 0.500000
vt 0.125000 0.750000
vt 0.875000 0.500000
vt 0.875000 0.750000
s 0
f 169/295/127 170/296/127 172/297/127 171/298/127
f 171/298/128 172/297/128 176/299/128 175/300/128
f 175/300/129 176/299/129 174/301/129 173/302/129
f 173/302/130 174/301/130 170/303/130 169/304/130
f 171/305/131 175/300/131 173/302/131 169/306/131
f 176/299/132 172/307/132 170/308/132 174/301/132
o BarrierCollision.023
v -98.042931 -2.114438 66.790833
v -98.042931 5.504039 66.790833
v -87.006584 -2.114438 69.283607
v -87.006584 5.504039 69.283607
v -98.568962 -2.114438 69.119759
v -98.568962 5.504039 69.119759
v -87.532616 -2.114438 71.612534
v -87.532616 5.504039 71.612534
vn 0.2203 -0.0000 -0.9754
vn 0.9754 -0.0000 0.2203
vn -0.2203 -0.0000 0.9754
vn -0.9754 -0.0000 -0.2203
vn -0.0000 -1.0000 -0.0000
vn -0.0000 1.0000 -0.0000
vt 0.375000 0.000000
vt 0.625000 0.000000
vt 0.625000 0.250000
vt 0.375000 0.250000
vt 0.625000 0.500000
vt 0.375000 0.500000
vt 0.625000 0.750000
vt 0.375000 0.750000
vt 0.625000 1.000000
vt 0.375000 1.000000
vt 0.125000 0.500000
vt 0.125000 0.750000
vt 0.875000 0.500000
vt 0.875000 0.750000
s 0
f 177/309/133 178/310/133 180/311/133 179/312/133
f 179/312/134 180/311/134 184/313/134 183/314/134
f 183/314/135 184/313/135 182/315/135 181/316/135
f 181/316/136 182/315/136 178/317/136 177/318/136
f 179/319/137 183/314/137 181/316/137 177/320/137
f 184/313/138 180/321/138 178/322/138 182/315/138
o BarrierCollision.024
v 393.981750 -2.114438 65.132179
v 393.981750 5.504039 65.132179
v 403.190918 -2.114438 58.559063
v 403.190918 5.504039 58.559063
v 395.368835 -2.114438 67.075531
v 395.368835 5.504039 67.075531
v 404.578003 -2.114438 60.502419
v 404.578003 5.504039 60.502419
vn -0.5810 -0.0000 -0.8139
vn 0.8139 -0.0000 -0.5810
vn 0.5810 -0.0000 0.8139
vn -0.8139 -0.0000 0.5810
vn -0.0000 -1.0000 -0.0000
vn -0.0000 1.0000 -0.0000
vt 0.375000 0.000000
vt 0.625000 0.000000
vt 0.625000 0.250000
vt 0.375000 0.250000
vt 0.625000 0.500000
vt 0.375000 0.500000
vt 0.625000 0.750000
vt 0.375000 0.750000
vt 0.625000 1.000000
vt 0.375000 1.000000
vt 0.125000 0.500000
vt 0.125000 0.750000
vt 0.875000 0.500000
vt 0.875000 0.750000
s 0
f 185/323/139 186/324/139 188/325/139 187/326/139
f 187/326/140 188/325/140 192/327/140 191/328/140
f 191/328/141 192/327/141 190/329/141 189/330/141
f 189/330/142 190/329/142 186/331/142 185/332/142
f 187/333/143 191/328/143 189/330/143 185/334/143
f 192/327/144 188/335/144 186/336/144 190/329/144
o BarrierCollision.025
v 387.132568 -2.114438 73.496284
v 387.132568 5.504039 73.496284
v 394.685242 -2.114438 65.071777
v 394.685242 5.504039 65.071777
v 388.910339 -2.114438 75.090073
v 388.910339 5.504039 75.090073
v 396.463013 -2.114438 66.665565
v 396.463013 5.504039 66.665565
vn -0.7446 -0.0000 -0.6675
vn 0.6675 -0.0000 -0.7446
vn 0.7446 -0.0000 0.6675
vn -0.6675 -0.0000 0.7446
vn -0.0000 -1.0000 -0.0000
vn -0.0000 1.0000 -0.0000
vt 0.375000 0.000000
vt 0.625000 0.000000
vt 0.625000 0.250000
vt 0.375000 0.250000
vt 0.625000 0.500000
vt 0.375000 0.500000
vt 0.625000 0.750000
vt 0.375000 0.750000
vt 0.625000 1.000000
vt 0.375000 1.000000
vt 0.125000 0.500000
vt 0.125000 0.750000
vt 0.875000 0.500000
vt 0.875000 0.750000
s 0
f 193/337/145 194/338/145 196/339/145 195/340/145
f 195/340/146 196/339/146 200/341/146 199/342/146
f 199/342/147 200/341/147 198/343/147 197/344/147
f 197/344/148 198/343/148 194/345/148 193/346/148
f 195/347/149 199/342/149 197/344/149 193/348/149
f 200/341/150 196/349/150 194/350/150 198/343/150
o BarrierCollision.026
v 379.104218 -2.114438 81.964256
v 379.104218 5.504039 81.964256
v 387.040253 -2.114438 73.899887
v 387.040253 5.504039 73.899887
v 380.806000 -2.114438 83.638947
v 380.806000 5.504039 83.638947
v 388.742035 -2.114438 75.574577
v 388.742035 5.504039 75.574577
vn -0.7128 -0.0000 -0.7014
vn 0.7014 -0.0000 -0.7128
vn 0.7128 -0.0000 0.7014
vn -0.7014 -0.0000 0.7128
vn -0.0000 -1.0000 -0.0000
vn -0.0000 1.0000 -0.0000
vt 0.375000 0.000000
vt 0.625000 0.000000
vt 0.625000 0.250000
vt 0.375000 0.250000
vt 0.625000 0.500000
vt 0.375000 0.500000
vt 0.625000 0.750000
vt 0.375000 0.750000
vt 0.625000 1.000000
vt 0.375000 1.000000
vt 0.125000 0.500000
vt 0.125000 0.750000
vt 0.875000 0.500000
vt 0.875000 0.750000
s 0
f 201/351/151 202/352/151 204/353/151 203/354/151
f 203/354/152 204/353/152 208/355/152 207/356/152
f 207/356/153 208/355/153 206/357/153 205/358/153
f 205/358/154 206/357/154 202/359/154 201/360/154
f 203/361/155 207/356/155 205/358/155 201/362/155
f 208/355/156 204/363/156 202/364/156 206/357/156
o BarrierCollision.027
v 371.139587 -2.114438 47.898155
v 371.139587 5.504039 47.898155
v 380.731476 -2.114438 41.897263
v 380.731476 5.504039 41.897263
v 372.405914 -2.114438 49.922272
v 372.405914 5.504039 49.922272
v 381.997803 -2.114438 43.921379
v 381.997803 5.504039 43.921379
vn -0.5304 -0.0000 -0.8478
vn 0.8478 -0.0000 -0.5304
vn 0.5304 -0.0000 0.8478
vn -0.8478 -0.0000 0.5304
vn -0.0000 -1.0000 -0.0000
vn -0.0000 1.0000 -0.0000
vt 0.375000 0.000000
vt 0.625000 0.000000
vt 0.625000 0.250000
vt 0.375000 0.250000
vt 0.625000 0.500000
vt 0.375000 0.500000
vt 0.625000 0.750000
vt 0.375000 0.750000
vt 0.625000 1.000000
vt 0.375000 1.000000
vt 0.125000 0.500000
vt 0.125000 0.750000
vt 0.875000 0.500000
vt 0.875000 0.750000
s 0
f 209/365/157 210/366/157 212/367/157 211/368/157
f 211/368/158 212/367/158 216/369/158 215/370/158
f 215/370/159 216/369/159 214/371/159 213/372/159
f 213/372/160 214/371/160 210/373/160 209/374/160
f 211/375/161 215/370/161 213/372/161 209/376/161
f 216/369/162 212/377/162 210/378/162 214/371/162
o BarrierCollision.028
v 362.482086 -2.114438 54.459267
v 362.482086 5.504039 54.459267
v 371.854095 -2.114438 48.120461
v 371.854095 5.504039 48.120461
v 363.819733 -2.114438 56.436981
v 363.819733 5.504039 56.436981
v 373.191742 -2.114438 50.098175
v 373.191742 5.504039 50.098175
vn -0.5602 -0.0000 -0.8283
vn 0.8283 -0.0000 -0.5602
vn 0.5602 -0.0000 0.8283
vn -0.8283 -0.0000 0.5602
vn -0.0000 -1.0000 -0.0000
vn -0.0000 1.0000 -0.0000
vt 0.375000 0.000000
vt 0.625000 0.000000
vt 0.625000 0.250000
vt 0.375000 0.250000
vt 0.625000 0.500000
vt 0.375000 0.500000
vt 0.625000 0.750000
vt 0.375000 0.750000
vt 0.625000 1.000000
vt 0.375000 1.000000
vt 0.125000 0.500000
vt 0.125000 0.750000
vt 0.875000 0.500000
vt 0.875000 0.750000
s 0
f 217/379/163 218/380/163 220/381/163 219/382/163
f 219/382/164 220/381/164 224/383/164 223/384/164
f 223/384/165 224/383/165 222/385/165 221/386/165
f 221/386/166 222/385/166 218/387/166 217/388/166
f 219/389/167 223/384/167 221/386/167 217/390/167
f 224/383/168 220/391/168 218/392/168 222/385/168
o BarrierCollision.029
v 352.638062 -2.114438 60.724758
v 352.638062 5.504039 60.724758
v 362.294556 -2.114438 54.828392
v 362.294556 5.504039 54.828392
v 353.882324 -2.114438 62.762505
v 353.882324 5.504039 62.762505
v 363.538818 -2.114438 56.866138
v 363.538818 5.504039 56.866138
vn -0.5211 -0.0000 -0.8535
vn 0.8535 -0.0000 -0.5211
vn 0.5211 -0.0000 0.8535
vn -0.8535 -0.0000 0.5211
vn -0.0000 -1.0000 -0.0000
vn -0.0000 1.0000 -0.0000
vt 0.375000 0.000000
vt 0.625000 0.000000
vt 0.625000 0.250000
vt 0.375000 0.250000
vt 0.625000 0.500000
vt 0.375000 0.500000
vt 0.625000 0.750000
vt 0.375000 0.750000
vt 0.625000 1.000000
vt 0.375000 1.000000
vt 0.125000 0.500000
vt 0.125000 0.750000
vt 0.875000 0.500000
vt 0.875000 0.750000
s 0
f 225/393/169 226/394/169 228/395/169 227/396/169
f 227/396/170 228/395/170 232/397/170 231/398/170
f 231/398/171 232/397/171 230/399/171 229/400/171
f 229/400/172 230/399/172 226/401/172 225/402/172
f 227/403/173 231/398/173 229/400/173 225/404/173
f 232/397/174 228/405/174 226/406/174 230/399/174
o BarrierCollision.030
v 322.122223 -2.114438 77.178223
v 322.122223 5.504039 77.178223
v 310.914703 -2.114438 78.729347
v 310.914703 5.504039 78.729347
v 321.794891 -2.114438 74.813164
v 321.794891 5.504039 74.813164
v 310.587372 -2.114438 76.364288
v 310.587372 5.504039 76.364288
vn 0.1371 -0.0000 0.9906
vn -0.9906 -0.0000 0.1371
vn -0.1371 -0.0000 -0.9906
vn 0.9906 -0.0000 -0.1371
vn -0.0000 -1.0000 -0.0000
vn -0.0000 1.0000 -0.0000
vt 0.375000 0.000000
vt 0.625000 0.000000
vt 0.625000 0.250000
vt 0.375000 0.250000
vt 0.625000 0.500000
vt 0.375000 0.500000
vt 0.625000 0.750000
vt 0.375000 0.750000
vt 0.625000 1.000000
vt 0.375000 1.000000
vt 0.125000 0.500000
vt 0.125000 0.750000
vt 0.875000 0.500000
vt 0.875000 0.750000
s 0
f 233/407/175 234/408/175 236/409/175 235/410/175
f 235/410/176 236/409/176 240/411/176 239/412/176
f 239/412/177 240/411/177 238/413/177 237/414/177
f 237/414/178 238/413/178 234/415/178 233/416/178
f 235/417/179 239/412/179 237/414/179 233/418/179
f 240/411/180 236/419/180 234/420/180 238/413/180
o BarrierCollision.031
v 333.289734 -2.114438 72.938278
v 333.289734 5.504039 72.938278
v 322.803070 -2.114438 77.186127
v 322.803070 5.504039 77.186127
v 332.393341 -2.114438 70.725342
v 332.393341 5.504039 70.725342
v 321.906677 -2.114438 74.973183
v 321.906677 5.504039 74.973183
vn 0.3754 -0.0000 0.9268
vn -0.9268 -0.0000 0.3754
vn -0.3754 -0.0000 -0.9268
vn 0.9268 -0.0000 -0.3754
vn -0.0000 -1.0000 -0.0000
vn -0.0000 1.0000 -0.0000
vt 0.375000 0.000000
vt 0.625000 0.000000
vt 0.625000 0.250000
vt 0.375000 0.250000
vt 0.625000 0.500000
vt 0.375000 0.500000
vt 0.625000 0.750000
vt 0.375000 0.750000
vt 0.625000 1.000000
vt 0.375000 1.000000
vt 0.125000 0.500000
vt 0.125000 0.750000
vt 0.875000 0.500000
vt 0.875000 0.750000
s 0
f 241/421/181 242/422/181 244/423/181 243/424/181
f 243/424/182 244/423/182 248/425/182 247/426/182
f 247/426/183 248/425/183 246/427/183 245/428/183
f 245/428/184 246/427/184 242/429/184 241/430/184
f 243/431/185 247/426/185 245/428/185 241/432/185
f 248/425/186 244/433/186 242/434/186 246/427/186
o BarrierCollision.032
v 343.391113 -2.114438 68.438919
v 343.391113 5.504039 68.438919
v 333.093964 -2.114438 73.127548
v 333.093964 5.504039 73.127548
v 342.401703 -2.114438 66.265976
v 342.401703 5.504039 66.265976
v 332.104553 -2.114438 70.954605
v 332.104553 5.504039 70.954605
vn 0.4144 -0.0000 0.9101
vn -0.9101 -0.0000 0.4144
vn -0.4144 -0.0000 -0.9101
vn 0.9101 -0.0000 -0.4144
vn -0.0000 -1.0000 -0.0000
vn -0.0000 1.0000 -0.0000
vt 0.375000 0.000000
vt 0.625000 0.000000
vt 0.625000 0.250000
vt 0.375000 0.250000
vt 0.625000 0.500000
vt 0.375000 0.500000
vt 0.625000 0.750000
vt 0.375000 0.750000
vt 0.625000 1.000000
vt 0.375000 1.000000
vt 0.125000 0.500000
vt 0.125000 0.750000
vt 0.875000 0.500000
vt 0.875000 0.750000
s 0
f 249/435/187 250/436/187 252/437/187 251/438/187
f 251/438/188 252/437/188 256/439/188 255/440/188
f 255/440/189 256/439/189 254/441/189 253/442/189
f 253/442/190 254/441/190 250/443/190 249/444/190
f 251/445/191 255/440/191 253/442/191 249/446/191
f 256/439/192 252/447/192 250/448/192 254/441/192
o BarrierCollision.035
v 403.333862 -2.114438 58.913300
v 403.333862 5.504039 58.913300
v 414.642822 -2.114438 58.563038
v 414.642822 5.504039 58.563038
v 403.407776 -2.114438 61.299755
v 403.407776 5.504039 61.299755
v 414.716736 -2.114438 60.949493
v 414.716736 5.504039 60.949493
vn -0.0310 -0.0000 -0.9995
vn 0.9995 -0.0000 -0.0310
vn 0.0310 -0.0000 0.9995
vn -0.9995 -0.0000 0.0310
vn -0.0000 -1.0000 -0.0000
vn -0.0000 1.0000 -0.0000
vt 0.375000 0.000000
vt 0.625000 0.000000
vt 0.625000 0.250000
vt 0.375000 0.250000
vt 0.625000 0.500000
vt 0.375000 0.500000
vt 0.625000 0.750000
vt 0.375000 0.750000
vt 0.625000 1.000000
vt 0.375000 1.000000
vt 0.125000 0.500000
vt 0.125000 0.750000
vt 0.875000 0.500000
vt 0.875000 0.750000
s 0
f 257/449/193 258/450/193 260/451/193 259/452/193
f 259/452/194 260/451/194 264/453/194 263/454/194
f 263/454/195 264/453/195 262/455/195 261/456/195
f 261/456/196 262/455/196 258/457/196 257/458/196
f 259/459/197 263/454/197 261/456/197 257/460/197
f 264/453/198 260/461/198 258/462/198 262/455/198
o BarrierCollision.036
v 298.607544 -2.114438 77.262718
v 298.607544 5.504039 77.262718
v 309.882965 -2.114438 76.324883
v 309.882965 5.504039 76.324883
v 298.805450 -2.114438 79.642097
v 298.805450 5.504039 79.642097
v 310.080872 -2.114438 78.704262
v 310.080872 5.504039 78.704262
vn -0.0829 -0.0000 -0.9966
vn 0.9966 -0.0000 -0.0829
vn 0.0829 -0.0000 0.9966
vn -0.9966 -0.0000 0.0829
vn -0.0000 -1.0000 -0.0000
vn -0.0000 1.0000 -0.0000
vt 0.375000 0.000000
vt 0.625000 0.000000
vt 0.625000 0.250000
vt 0.375000 0.250000
vt 0.625000 0.500000
vt 0.375000 0.500000
vt 0.625000 0.750000
vt 0.375000 0.750000
vt 0.625000 1.000000
vt 0.375000 1.000000
vt 0.125000 0.500000
vt 0.125000 0.750000
vt 0.875000 0.500000
vt 0.875000 0.750000
s 0
f 265/463/199 266/464/199 268/465/199 267/466/199
f 267/466/200 268/465/200 272/467/200 271/468/200
f 271/468/201 272/467/201 270/469/201 269/470/201
f 269/470/202 270/469/202 266/471/202 265/472/202
f 267/473/203 271/468/203 269/470/203 265/474/203
f 272/467/204 268/475/204 266/476/204 270/469/204
o BarrierCollision.037
v 294.525513 -2.114438 68.365051
v 294.525513 5.504039 68.365051
v 300.611450 -2.114438 77.903191
v 300.611450 5.504039 77.903191
v 292.512756 -2.114438 69.649330
v 292.512756 5.504039 69.649330
v 298.598694 -2.114438 79.187469
v 298.598694 5.504039 79.187469
vn 0.8430 -0.0000 -0.5379
vn 0.5379 -0.0000 0.8430
vn -0.8430 -0.0000 0.5379
vn -0.5379 -0.0000 -0.8430
vn -0.0000 -1.0000 -0.0000
vn -0.0000 1.0000 -0.0000
vt 0.375000 0.000000
vt 0.625000 0.000000
vt 0.625000 0.250000
vt 0.375000 0.250000
vt 0.625000 0.500000
vt 0.375000 0.500000
vt 0.625000 0.750000
vt 0.375000 0.750000
vt 0.625000 1.000000
vt 0.375000 1.000000
vt 0.125000 0.500000
vt 0.125000 0.750000
vt 0.875000 0.500000
vt 0.875000 0.750000
s 0
f 273/477/205 274/478/205 276/479/205 275/480/205
f 275/480/206 276/479/206 280/481/206 279/482/206
f 279/482/207 280/481/207 278/483/207 277/484/207
f 277/484/208 278/483/208 274/485/208 273/486/208
f 275/487/209 279/482/209 277/484/209 273/488/209
f 280/481/210 276/489/210 274/490/210 278/483/210
o BarrierCollision.038
v 288.525452 -2.114438 58.357025
v 288.525452 5.504039 58.357025
v 294.161530 -2.114438 68.167717
v 294.161530 5.504039 68.167717
v 286.455170 -2.114438 59.546364
v 286.455170 5.504039 59.546364
v 292.091248 -2.114438 69.357056
v 292.091248 5.504039 69.357056
vn 0.8671 -0.0000 -0.4981
vn 0.4981 -0.0000 0.8671
vn -0.8671 -0.0000 0.4981
vn -0.4981 -0.0000 -0.8671
vn -0.0000 -1.0000 -0.0000
vn -0.0000 1.0000 -0.0000
vt 0.375000 0.000000
vt 0.625000 0.000000
vt 0.625000 0.250000
vt 0.375000 0.250000
vt 0.625000 0.500000
vt 0.375000 0.500000
vt 0.625000 0.750000
vt 0.375000 0.750000
vt 0.625000 1.000000
vt 0.375000 1.000000
vt 0.125000 0.500000
vt 0.125000 0.750000
vt 0.875000 0.500000
vt 0.875000 0.750000
s 0
f 281/491/211 282/492/211 284/493/211 283/494/211
f 283/494/212 284/493/212 288/495/212 287/496/212
f 287/496/213 288/495/213 286/497/213 285/498/213
f 285/498/214 286/497/214 282/499/214 281/500/214
f 283/501/215 287/496/215 285/498/215 281/502/215
f 288/495/216 284/503/216 282/504/216 286/497/216
o ConeCollision
v 186.747559 -3.032386 -111.428192
v 186.751450 1.688351 -111.429176
v 188.189224 -3.033645 -111.760391
v 188.193130 1.687093 -111.761375
v 187.079758 -3.032361 -109.986511
v 187.083649 1.688377 -109.987495
v 188.521439 -3.033619 -110.318710
v 188.525330 1.687118 -110.319695
vn -0.2245 -0.0000 -0.9745
vn 0.9745 -0.0009 -0.2245
vn 0.2245 -0.0000 0.9745
vn -0.9745 0.0009 0.2245
vn -0.0008 -1.0000 0.0002
vn 0.0008 1.0000 -0.0002
vt 0.375000 0.000000
vt 0.625000 0.000000
vt 0.625000 0.250000
vt 0.375000 0.250000
vt 0.625000 0.500000
vt 0.375000 0.500000
vt 0.625000 0.750000
vt 0.375000 0.750000
vt 0.625000 1.000000
vt 0.375000 1.000000
vt 0.125000 0.500000
vt 0.125000 0.750000
vt 0.875000 0.500000
vt 0.875000 0.750000
s 0
f 289/505/217 290/506/217 292/507/217 291/508/217
f 291/508/218 292/507/218 296/509/218 295/510/218
f 295/510/219 296/509/219 294/511/219 293/512/219
f 293/512/220 294/511/220 290/513/220 289/514/220
f 291/515/221 295/510/221 293/512/221 289/516/221
f 296/509/222 292/517/222 290/518/222 294/511/222
o BarrierCollision.005
v -107.641968 -2.114438 62.002110
v -107.641968 5.504039 62.002110
v -97.394745 -2.114438 66.798897
v -97.394745 5.504039 66.798897
v -108.654205 -2.114438 64.164513
v -108.654205 5.504039 64.164513
v -98.406982 -2.114438 68.961304
v -98.406982 5.504039 68.961304
vn 0.4240 -0.0000 -0.9057
vn 0.9057 -0.0000 0.4240
vn -0.4240 -0.0000 0.9057
vn -0.9057 -0.0000 -0.4240
vn -0.0000 -1.0000 -0.0000
vn -0.0000 1.0000 -0.0000
vt 0.375000 0.000000
vt 0.625000 0.000000
vt 0.625000 0.250000
vt 0.375000 0.250000
vt 0.625000 0.500000
vt 0.375000 0.500000
vt 0.625000 0.750000
vt 0.375000 0.750000
vt 0.625000 1.000000
vt 0.375000 1.000000
vt 0.125000 0.500000
vt 0.125000 0.750000
vt 0.875000 0.500000
vt 0.875000 0.750000
s 0
f 297/519/223 298/520/223 300/521/223 299/522/223
f 299/522/224 300/521/224 304/523/224 303/524/224
f 303/524/225 304/523/225 302/525/225 301/526/225
f 301/526/226 302/525/226 298/527/226 297/528/226
f 299/529/227 303/524/227 301/526/227 297/530/227
f 304/523/228 300/531/228 298/532/228 302/525/228
o BarrierCollision.006
v -118.068230 -2.114438 56.762470
v -118.068230 5.504039 56.762470
v -108.055023 -2.114438 62.030342
v -108.055023 5.504039 62.030342
v -119.179871 -2.114438 58.875496
v -119.179871 5.504039 58.875496
v -109.166664 -2.114438 64.143364
v -109.166664 5.504039 64.143364
vn 0.4656 -0.0000 -0.8850
vn 0.8850 -0.0000 0.4656
vn -0.4656 -0.0000 0.8850
vn -0.8850 -0.0000 -0.4656
vn -0.0000 -1.0000 -0.0000
vn -0.0000 1.0000 -0.0000
vt 0.375000 0.000000
vt 0.625000 0.000000
vt 0.625000 0.250000
vt 0.375000 0.250000
vt 0.625000 0.500000
vt 0.375000 0.500000
vt 0.625000 0.750000
vt 0.375000 0.750000
vt 0.625000 1.000000
vt 0.375000 1.000000
vt 0.125000 0.500000
vt 0.125000 0.750000
vt 0.875000 0.500000
vt 0.875000 0.750000
s 0
f 305/533/229 306/534/229 308/535/229 307/536/229
f 307/536/230 308/535/230 312/537/230 311/538/230
f 311/538/231 312/537/231 310/539/231 309/540/231
f 309/540/232 310/539/232 306/541/232 305/542/232
f 307/543/233 311/538/233 309/540/233 305/544/233
f 312/537/234 308/545/234 306/546/234 310/539/234
o BarrierCollision.039
v -113.734467 -2.114438 13.412643
v -113.734467 5.504039 13.412643
v -122.025787 -2.114438 21.111267
v -122.025787 5.504039 21.111267
v -115.359055 -2.114438 11.662979
v -115.359055 5.504039 11.662979
v -123.650375 -2.114438 19.361603
v -123.650375 5.504039 19.361603
